Rouge1_r:0.5014645726120365 Rouge1_p:0.19342220728266485 Rouge1_f1:0.2737949132253844
Rouge2_r:0.24514768698894512 Rouge2_p:0.08509854049002344 Rouge2_f1:0.12297430523230425
RougeL_r:0.477918680020671 RougeL_p:0.1846664264874759 RougeL_f1:0.26125017397202804
